7732.224121 0.000000 1447.034546 0.000000 0.000000 4704.827148 6214.179688 4851.772949 5631.757812 908.701477 8270.270508 0.000000 0.000000 0.000000 0.000000 0.000000 0.000000 6118.954102 0.000000 0.000000 0.000000 0.000000 0.000000 0.000000 0.000000 0.000000 2830.664062 0.000000 0.000000 0.000000 0.000000 0.000000 0.000000 0.000000 0.000000 0.000000 5682.070801 228.940552 0.000000 0.000000 0.000000 0.000000 6912.270020 0.000000 0.000000 0.000000 7103.572266 0.000000 0.000000 0.000000
0.000000 0.000000 0.000000 0.000000 0.000000 0.000000 0.000000 0.000000 0.000000 0.000000 0.000000 0.000000 0.000000 0.000000 0.000000 0.000000 0.000000 0.000000 0.000000 0.000000 0.000000 2630.971191 0.000000 0.000000 0.000000 5191.405762 0.000000 7228.259277 0.000000 0.000000 0.000000 0.000000 0.000000 0.000000 0.000000 0.000000 0.000000 0.000000 0.000000 0.000000 0.000000 0.000000 0.000000 0.000000 0.000000 0.000000 0.000000 0.000000 0.000000 0.000000
0.000000 0.000000 0.000000 0.000000 0.000000 0.000000 0.000000 0.000000 0.000000 0.000000 0.000000 9460.205078 5111.020020 0.000000 0.000000 9870.647461 0.000000 0.000000 0.000000 0.000000 0.000000 0.000000 0.000000 0.000000 0.000000 0.000000 0.000000 0.000000 0.000000 0.000000 0.000000 0.000000 0.000000 0.000000 0.000000 0.000000 0.000000 0.000000 6562.300293 0.000000 0.000000 826.544006 0.000000 0.000000 0.000000 0.000000 5948.448730 0.000000 0.000000 2718.763916
3370.900146 0.000000 0.000000 0.000000 5656.422852 0.000000 0.000000 0.000000 0.000000 9061.028320 4248.220703 0.000000 0.000000 0.000000 0.000000 0.000000 6700.014160 0.000000 0.000000 1738.130127 0.000000 0.000000 0.000000 0.000000 0.000000 0.000000 8130.832520 0.000000 0.000000 0.000000 0.000000 0.000000 4416.806641 6486.032715 0.000000 0.000000 6461.622559 0.000000 0.000000 0.000000 0.000000 0.000000 0.000000 0.000000 8944.590820 0.000000 0.000000 0.000000 3801.432861 0.000000
0.000000 0.000000 2973.812744 0.000000 2956.513916 0.000000 0.000000 0.000000 0.000000 0.000000 0.000000 0.000000 0.000000 0.000000 0.000000 0.000000 0.000000 0.000000 0.000000 0.000000 0.000000 0.000000 0.000000 0.000000 0.000000 0.000000 0.000000 0.000000 0.000000 0.000000 0.000000 0.000000 0.000000 0.000000 5877.542480 0.000000 0.000000 0.000000 0.000000 0.000000 6063.187988 0.000000 0.000000 0.000000 4233.226562 7936.735352 0.000000 0.000000 0.000000 0.000000
0.000000 3836.071777 0.000000 0.000000 0.000000 0.000000 0.000000 0.000000 0.000000 6899.104492 0.000000 236.761658 0.000000 0.000000 0.000000 0.000000 0.000000 0.000000 0.000000 0.000000 0.000000 0.000000 0.000000 0.000000 0.000000 0.000000 0.000000 0.000000 0.000000 0.000000 5451.294434 0.000000 5648.824707 0.000000 0.000000 0.000000 9924.387695 0.000000 0.000000 1229.295898 0.000000 0.000000 0.000000 0.000000 0.000000 0.000000 0.000000 0.000000 0.000000 0.000000
0.000000 0.000000 0.000000 0.000000 0.000000 0.000000 0.000000 0.000000 0.000000 0.000000 0.000000 2626.596924 0.000000 0.000000 0.000000 0.000000 4720.026855 0.000000 0.000000 0.000000 0.000000 0.000000 0.000000 0.000000 0.000000 0.000000 0.000000 0.000000 323.276245 7970.576172 0.000000 3601.430420 0.000000 0.000000 0.000000 0.000000 8377.254883 0.000000 0.000000 0.000000 0.000000 2927.493408 0.000000 0.000000 0.000000 0.000000 8940.972656 0.000000 8264.840820 5664.958984
0.000000 0.000000 0.000000 0.000000 0.000000 0.000000 0.000000 0.000000 0.000000 0.000000 0.000000 0.000000 0.000000 0.000000 0.000000 0.000000 0.000000 0.000000 0.000000 0.000000 0.000000 0.000000 0.000000 0.000000 0.000000 0.000000 6423.211426 0.000000 0.000000 0.000000 0.000000 0.000000 0.000000 0.000000 0.000000 0.000000 6977.674805 8193.900391 0.000000 3639.772705 0.000000 0.000000 0.000000 0.000000 0.000000 0.000000 0.000000 0.000000 9928.107422 5401.970215
0.000000 0.000000 3731.789307 0.000000 5094.930176 0.000000 0.000000 0.000000 0.000000 0.000000 6857.665527 0.000000 0.000000 0.000000 0.000000 0.000000 0.000000 0.000000 0.000000 0.000000 0.000000 0.000000 0.000000 0.000000 0.000000 0.000000 0.000000 0.000000 0.000000 5735.526367 0.000000 0.000000 0.000000 0.000000 2246.276367 0.000000 0.000000 5375.930664 8124.861328 0.000000 0.000000 0.000000 0.000000 0.000000 0.000000 0.000000 0.000000 0.000000 0.000000 0.000000
0.000000 0.000000 0.000000 0.000000 0.000000 0.000000 0.000000 8139.058105 0.000000 0.000000 0.000000 0.000000 0.000000 9931.596680 0.000000 0.000000 0.000000 0.000000 0.000000 0.000000 0.000000 0.000000 0.000000 0.000000 0.000000 0.000000 0.000000 8692.062500 0.000000 0.000000 0.000000 0.000000 0.000000 0.000000 8106.972656 0.000000 0.000000 0.000000 9564.015625 0.000000 0.000000 8929.783203 0.000000 0.000000 0.000000 782.579407 0.000000 0.000000 0.000000 0.000000
0.000000 0.000000 0.000000 0.000000 0.000000 0.000000 0.000000 0.000000 4512.152344 7874.687012 103.794724 0.000000 0.000000 0.000000 0.000000 0.000000 0.000000 7100.838379 0.000000 0.000000 0.000000 0.000000 0.000000 0.000000 0.000000 9809.840820 0.000000 0.000000 0.000000 0.000000 0.000000 7937.588379 0.000000 0.000000 0.000000 0.000000 0.000000 0.000000 8913.850586 0.000000 0.000000 0.000000 0.000000 0.000000 0.000000 0.000000 0.000000 0.000000 0.000000 0.000000
0.000000 0.000000 0.000000 0.000000 0.000000 1228.243652 0.000000 0.000000 0.000000 6349.901855 0.000000 7587.334961 0.000000 1334.908081 0.000000 0.000000 0.000000 0.000000 0.000000 0.000000 0.000000 0.000000 0.000000 4542.606445 0.000000 6876.359375 0.000000 0.000000 0.000000 7029.505859 0.000000 0.000000 0.000000 0.000000 0.000000 8350.394531 0.000000 0.000000 0.000000 0.000000 0.000000 1751.367188 0.000000 0.000000 0.000000 0.000000 0.000000 0.000000 115.294525 0.000000
0.000000 0.000000 0.000000 0.000000 0.000000 0.000000 9944.644531 0.000000 0.000000 31.017136 1615.392334 0.000000 5708.204590 0.000000 0.000000 0.000000 0.000000 0.000000 0.000000 759.910522 0.000000 0.000000 0.000000 0.000000 0.000000 0.000000 0.000000 7703.522949 0.000000 5636.318848 0.000000 0.000000 0.000000 0.000000 6329.235352 0.000000 4272.367676 8216.924805 0.000000 0.000000 0.000000 0.000000 0.000000 4518.136230 0.000000 0.000000 0.000000 0.000000 0.000000 5621.860840
0.000000 0.000000 0.000000 0.000000 0.000000 0.000000 0.000000 0.000000 0.000000 4021.004639 0.000000 0.000000 0.000000 0.000000 0.000000 0.000000 0.000000 448.426361 3144.696533 0.000000 0.000000 3636.263184 0.000000 0.000000 0.000000 0.000000 0.000000 0.000000 0.000000 0.000000 0.000000 0.000000 9673.592773 3262.573975 0.000000 0.000000 0.000000 0.000000 8091.031738 0.000000 0.000000 0.000000 0.000000 0.000000 0.000000 0.000000 4034.703613 9677.165039 0.000000 0.000000
0.000000 0.000000 0.000000 0.000000 0.000000 0.000000 0.000000 0.000000 0.000000 0.000000 0.000000 0.000000 0.000000 0.000000 0.000000 0.000000 0.000000 0.000000 0.000000 0.000000 0.000000 121.644646 0.000000 0.000000 0.000000 0.000000 0.000000 0.000000 0.000000 503.641541 0.000000 7650.903809 9994.933594 9928.840820 0.000000 0.000000 0.000000 0.000000 809.252686 0.000000 0.000000 8282.232422 0.000000 0.000000 0.000000 0.000000 0.000000 0.000000 0.000000 0.000000
0.000000 0.000000 6692.642090 0.000000 0.000000 9168.639648 0.000000 4478.182617 0.000000 0.000000 0.000000 0.000000 0.000000 2628.542969 9690.727539 9124.573242 2375.192139 0.000000 0.000000 9133.924805 0.000000 5003.958496 0.000000 0.000000 0.000000 781.803345 0.000000 0.000000 0.000000 0.000000 0.000000 0.000000 0.000000 0.000000 0.000000 7642.044434 0.000000 0.000000 0.000000 0.000000 6964.285156 0.000000 0.000000 0.000000 0.000000 0.000000 0.000000 0.000000 6146.916504 0.000000
0.000000 0.000000 0.000000 7860.504395 0.000000 7787.095215 0.000000 0.000000 0.000000 0.000000 0.000000 0.000000 0.000000 0.000000 9670.833984 0.000000 2970.004395 0.000000 0.000000 0.000000 0.000000 3410.775146 0.000000 0.000000 486.241699 4996.305664 0.000000 0.000000 0.000000 2872.958496 0.000000 0.000000 0.000000 0.000000 3514.556396 0.000000 0.000000 0.000000 0.000000 0.000000 0.000000 3773.021729 0.000000 0.000000 0.000000 0.000000 6082.006348 0.000000 5436.205078 0.000000
677.220093 0.000000 0.000000 0.000000 0.000000 0.000000 0.000000 0.000000 0.000000 0.000000 2312.155762 0.000000 0.000000 0.000000 0.000000 0.000000 0.000000 0.000000 0.000000 0.000000 9291.441406 0.000000 0.000000 0.000000 0.000000 0.000000 0.000000 0.000000 0.000000 0.000000 2682.271729 0.000000 0.000000 0.000000 5438.552734 0.000000 0.000000 5541.824219 0.000000 0.000000 8884.224609 0.000000 0.000000 0.000000 0.000000 0.000000 0.000000 0.000000 0.000000 0.000000
0.000000 0.000000 842.491821 0.000000 0.000000 9589.635742 0.000000 772.248535 0.000000 0.000000 4535.402832 0.000000 8533.359375 0.000000 0.000000 0.000000 0.000000 0.000000 6192.852051 3153.750488 0.000000 2742.504883 0.000000 0.000000 0.000000 0.000000 0.000000 0.000000 0.000000 0.000000 0.000000 0.000000 9590.950195 0.000000 0.000000 0.000000 0.000000 1235.574829 0.000000 0.000000 0.000000 0.000000 0.000000 6084.354492 0.000000 0.000000 8591.551758 0.000000 8851.408203 0.000000
0.000000 0.000000 2997.324219 0.000000 8153.672852 0.000000 0.000000 2799.730469 0.000000 0.000000 1242.125244 0.000000 0.000000 0.000000 0.000000 0.000000 0.000000 0.000000 0.000000 0.000000 0.000000 0.000000 0.000000 0.000000 0.000000 0.000000 0.000000 0.000000 0.000000 0.000000 0.000000 0.000000 0.000000 0.000000 0.000000 0.000000 0.000000 0.000000 5689.896973 0.000000 0.000000 0.000000 0.000000 0.000000 0.000000 3381.730469 0.000000 0.000000 0.000000 0.000000
0.000000 0.000000 0.000000 2131.994873 0.000000 0.000000 0.000000 0.000000 7145.738281 0.000000 0.000000 1406.218384 0.000000 0.000000 3529.851074 0.000000 0.000000 0.000000 5178.037109 0.000000 0.000000 8901.418945 0.000000 5023.283691 0.000000 0.000000 0.000000 0.000000 0.000000 0.000000 0.000000 4113.606445 0.000000 0.000000 0.000000 3746.225830 0.000000 0.000000 0.000000 0.000000 0.000000 0.000000 0.000000 0.000000 0.000000 8388.667969 0.000000 0.000000 0.000000 8990.315430
0.000000 0.000000 0.000000 0.000000 5615.732910 4893.658203 3737.382080 5703.034180 0.000000 0.000000 0.000000 4846.071289 0.000000 0.000000 0.000000 295.362335 7515.165527 0.000000 0.000000 0.000000 8696.975586 0.000000 0.000000 0.000000 0.000000 9635.857422 0.000000 0.000000 0.000000 0.000000 0.000000 0.000000 0.000000 0.000000 0.000000 0.000000 0.000000 0.000000 0.000000 0.000000 0.000000 2099.446045 0.000000 0.000000 3952.486572 0.000000 0.000000 429.558075 0.000000 0.000000
0.000000 0.000000 0.000000 0.000000 0.000000 0.000000 9033.662109 0.000000 0.000000 2795.388184 0.000000 0.000000 0.000000 0.000000 0.000000 0.000000 679.500244 0.000000 662.468811 0.000000 0.000000 0.000000 0.000000 0.000000 0.000000 48.978825 0.000000 0.000000 0.000000 0.000000 0.000000 0.000000 4269.039062 0.000000 9051.740234 8695.401367 6685.365234 0.000000 4410.046875 0.000000 5655.591797 8545.947266 0.000000 0.000000 0.000000 0.000000 0.000000 0.000000 0.000000 6478.861328
0.000000 0.000000 0.000000 0.000000 0.000000 0.000000 0.000000 0.000000 0.000000 0.000000 7405.247559 0.000000 0.000000 6737.375000 0.000000 3271.462402 0.000000 0.000000 0.000000 0.000000 0.000000 0.000000 0.000000 0.000000 0.000000 9987.523438 6764.514160 9475.592773 0.000000 0.000000 0.000000 0.000000 0.000000 0.000000 0.000000 0.000000 0.000000 0.000000 0.000000 0.000000 0.000000 0.000000 3299.476807 0.000000 0.000000 0.000000 0.000000 0.000000 0.000000 0.000000
0.000000 0.000000 0.000000 0.000000 0.000000 0.000000 0.000000 0.000000 0.000000 0.000000 0.000000 0.000000 0.000000 0.000000 0.000000 0.000000 9348.756836 0.000000 7470.031738 0.000000 0.000000 2693.513672 0.000000 538.857422 0.000000 0.000000 0.000000 0.000000 0.000000 0.000000 7068.970703 5016.452148 0.000000 0.000000 0.000000 0.000000 0.000000 0.000000 0.000000 2152.389160 0.000000 0.000000 0.000000 0.000000 0.000000 0.000000 0.000000 0.000000 6119.055176 9129.858398
0.000000 0.000000 0.000000 0.000000 0.000000 0.000000 5915.759766 0.000000 0.000000 6841.145508 0.000000 0.000000 0.000000 0.000000 5627.352051 0.000000 0.000000 0.000000 0.000000 0.000000 0.000000 0.000000 0.000000 0.000000 0.000000 0.000000 0.000000 0.000000 0.000000 0.000000 0.000000 0.000000 0.000000 0.000000 0.000000 0.000000 0.000000 0.000000 0.000000 0.000000 0.000000 0.000000 0.000000 220.796631 0.000000 0.000000 0.000000 0.000000 0.000000 0.000000
0.000000 0.000000 0.000000 0.000000 0.000000 0.000000 4486.965820 0.000000 0.000000 0.000000 0.000000 0.000000 0.000000 0.000000 0.000000 0.000000 0.000000 0.000000 2784.145996 0.000000 3084.938477 0.000000 2674.247803 0.000000 1731.484741 8971.943359 0.000000 2139.407959 0.000000 0.000000 1551.306030 0.000000 0.000000 0.000000 0.000000 0.000000 5230.515625 0.000000 0.000000 8516.269531 4726.053711 400.394348 0.000000 0.000000 0.000000 0.000000 0.000000 1590.032593 0.000000 0.000000
0.000000 7531.920410 0.000000 0.000000 0.000000 4763.045410 200.791809 0.000000 0.000000 0.000000 0.000000 0.000000 0.000000 0.000000 0.000000 0.000000 0.000000 0.000000 0.000000 0.000000 0.000000 4792.313965 0.000000 0.000000 0.000000 0.000000 0.000000 0.000000 0.000000 0.000000 0.000000 0.000000 0.000000 0.000000 0.000000 0.000000 0.000000 0.000000 0.000000 0.000000 0.000000 0.000000 0.000000 0.000000 0.000000 6951.084473 1256.647583 0.000000 0.000000 0.000000
5106.888672 0.000000 0.000000 0.000000 0.000000 0.000000 0.000000 0.000000 0.000000 0.000000 0.000000 0.000000 0.000000 1272.262207 8325.199219 0.000000 0.000000 2593.020752 0.000000 0.000000 8011.447266 0.000000 0.000000 0.000000 1597.192017 0.000000 0.000000 0.000000 0.000000 0.000000 0.000000 0.000000 0.000000 9999.983398 0.000000 0.000000 0.000000 0.000000 0.000000 0.000000 0.000000 8208.113281 2003.053833 0.000000 0.000000 0.000000 1755.583496 0.000000 0.000000 0.000000
0.000000 0.000000 0.000000 0.000000 0.000000 1879.311401 0.000000 8102.567383 0.000000 0.000000 0.000000 0.000000 0.000000 0.000000 0.000000 0.000000 0.000000 1612.576050 0.000000 5382.494141 0.000000 0.000000 1405.807251 5847.732910 0.000000 0.000000 0.000000 7121.197754 0.000000 0.000000 0.000000 3566.478516 0.000000 0.000000 1707.725952 0.000000 0.000000 0.000000 0.000000 0.000000 2982.357422 4745.429688 7830.996094 0.000000 234.201477 0.000000 0.000000 0.000000 0.000000 1620.126709
9227.136719 0.000000 0.000000 7125.146484 9154.446289 0.000000 0.000000 0.000000 0.000000 0.000000 0.000000 8424.907227 0.000000 0.000000 0.000000 0.000000 0.000000 0.000000 2878.585205 1778.044312 0.000000 0.000000 0.000000 0.000000 0.000000 7257.088379 0.000000 0.000000 0.000000 0.000000 0.000000 0.000000 0.000000 0.000000 0.000000 0.000000 0.000000 8354.859375 0.000000 0.000000 0.000000 679.905701 0.000000 0.000000 0.000000 0.000000 6675.313965 0.000000 0.000000 4645.207520
0.000000 0.000000 0.000000 0.000000 0.000000 0.000000 0.000000 0.000000 992.339661 0.000000 0.000000 0.000000 0.000000 6228.522949 0.000000 0.000000 0.000000 0.000000 0.000000 0.000000 0.000000 0.000000 1103.316284 2984.170654 0.000000 0.000000 0.000000 0.000000 1709.769897 1174.063843 0.000000 0.000000 0.000000 0.000000 0.000000 5195.419434 0.000000 0.000000 0.000000 0.000000 0.000000 0.000000 0.000000 0.000000 0.000000 0.000000 0.000000 0.000000 7867.021973 0.000000
0.000000 0.000000 3958.223389 0.000000 0.000000 0.000000 0.000000 0.000000 0.000000 0.000000 0.000000 0.000000 0.000000 0.000000 4704.556641 0.000000 9767.784180 0.000000 0.000000 0.000000 0.000000 0.000000 7408.400391 0.000000 3836.785889 0.000000 0.000000 0.000000 0.000000 0.000000 740.201294 0.000000 0.000000 0.000000 0.000000 0.000000 0.000000 0.000000 0.000000 1135.956909 0.000000 0.000000 0.000000 0.000000 6409.007324 0.000000 0.000000 3112.391113 3958.261230 0.000000
0.000000 0.000000 0.000000 0.000000 0.000000 0.000000 0.000000 0.000000 0.000000 0.000000 0.000000 0.000000 7115.295898 0.000000 0.000000 0.000000 2736.281250 0.000000 0.000000 0.000000 6402.028809 0.000000 0.000000 0.000000 0.000000 0.000000 0.000000 7849.415039 0.000000 0.000000 0.000000 0.000000 0.000000 7446.028809 0.000000 8873.273438 0.000000 0.000000 0.000000 8005.429199 7773.884766 1431.898071 0.000000 0.000000 0.000000 3537.902588 0.000000 0.000000 0.000000 0.000000
9531.140625 0.000000 0.000000 0.000000 0.000000 0.000000 0.000000 1615.293213 0.000000 515.642944 6987.165527 0.000000 0.000000 0.000000 1152.572754 3080.793701 0.000000 0.000000 0.000000 0.000000 0.000000 0.000000 0.000000 0.000000 0.000000 0.000000 0.000000 0.000000 0.000000 0.000000 3113.739990 0.000000 0.000000 0.000000 4687.993652 0.000000 6604.533691 0.000000 0.000000 0.000000 0.000000 0.000000 0.000000 0.000000 7195.297363 5630.007324 0.000000 0.000000 0.000000 0.000000
0.000000 0.000000 0.000000 0.000000 0.000000 0.000000 0.000000 4223.151367 0.000000 0.000000 0.000000 0.000000 0.000000 0.000000 0.000000 0.000000 2439.611572 1449.243164 0.000000 4740.964844 1095.814575 0.000000 0.000000 3023.126221 0.000000 0.000000 0.000000 0.000000 0.000000 0.000000 59.970608 0.000000 7651.122070 0.000000 1829.114990 0.000000 9167.502930 0.000000 0.000000 0.000000 0.000000 0.000000 0.000000 0.000000 0.000000 0.000000 0.000000 0.000000 8164.282715 0.000000
0.000000 0.000000 5116.798828 0.000000 9411.609375 0.000000 8949.644531 0.000000 0.000000 0.000000 0.000000 0.000000 0.000000 8095.437988 0.000000 0.000000 0.000000 0.000000 0.000000 1270.545898 0.000000 0.000000 0.000000 0.000000 6379.941406 0.000000 0.000000 0.000000 0.000000 0.000000 0.000000 0.000000 0.000000 0.000000 3526.245361 0.000000 0.000000 0.000000 0.000000 0.000000 0.000000 0.000000 0.000000 0.000000 0.000000 0.000000 0.000000 0.000000 6609.640137 7473.804688
0.000000 0.000000 0.000000 0.000000 0.000000 0.000000 8668.317383 537.958984 0.000000 0.000000 0.000000 0.000000 833.127930 0.000000 0.000000 0.000000 0.000000 0.000000 0.000000 746.363708 0.000000 0.000000 0.000000 5913.723145 0.000000 0.000000 0.000000 0.000000 0.000000 0.000000 0.000000 6250.275879 9744.446289 0.000000 0.000000 0.000000 0.000000 0.000000 0.000000 0.000000 0.000000 0.000000 0.000000 3059.589111 9616.239258 0.000000 0.000000 0.000000 3872.577393 6983.807129
0.000000 0.000000 0.000000 0.000000 0.000000 0.000000 0.000000 6939.017090 0.000000 0.000000 9561.806641 9228.554688 0.000000 5399.717285 0.000000 0.000000 0.000000 0.000000 0.000000 0.000000 0.000000 0.000000 0.000000 3283.087646 3369.070557 1907.077637 815.111572 0.000000 0.000000 0.000000 1812.359985 2605.185547 0.000000 0.000000 0.000000 9913.049805 0.000000 0.000000 0.000000 0.000000 0.000000 0.000000 0.000000 0.000000 0.000000 0.000000 0.000000 0.000000 0.000000 0.000000
3026.473389 0.000000 9144.760742 0.000000 0.000000 0.000000 0.000000 0.000000 0.000000 3306.824463 0.000000 0.000000 0.000000 0.000000 0.000000 0.000000 0.000000 0.000000 7492.657715 0.000000 0.000000 0.000000 0.000000 0.000000 0.000000 2791.841797 8182.963379 0.000000 2399.657471 0.000000 0.000000 0.000000 0.000000 0.000000 0.000000 3929.033203 0.000000 7963.561035 0.000000 0.000000 0.000000 3731.990479 0.000000 0.000000 0.000000 9401.314453 0.000000 0.000000 0.000000 0.000000
0.000000 3057.466553 0.000000 0.000000 8963.254883 0.000000 0.000000 0.000000 0.000000 0.000000 0.000000 0.000000 0.000000 0.000000 0.000000 0.000000 0.000000 0.000000 0.000000 0.000000 0.000000 0.000000 5677.283691 0.000000 0.000000 0.000000 0.000000 0.000000 0.000000 0.000000 0.000000 0.000000 4912.184570 6554.297852 7749.645020 0.000000 0.000000 0.000000 0.000000 0.000000 8724.425781 0.000000 8995.237305 2564.357910 5507.489258 0.000000 0.000000 0.000000 0.000000 2560.121094
0.000000 0.000000 0.000000 0.000000 0.000000 0.000000 0.000000 0.000000 0.000000 556.968567 0.000000 8883.083984 6145.979492 0.000000 0.000000 0.000000 0.000000 0.000000 0.000000 0.000000 3342.344727 0.000000 0.000000 0.000000 0.000000 0.000000 580.395447 0.000000 0.000000 0.000000 0.000000 0.000000 0.000000 0.000000 0.000000 0.000000 0.000000 0.000000 8806.799805 2236.157471 0.000000 0.000000 3308.789795 0.000000 0.000000 0.000000 0.000000 0.000000 0.000000 0.000000
0.000000 0.000000 0.000000 0.000000 0.000000 0.000000 0.000000 5061.847168 0.000000 0.000000 0.000000 0.000000 0.000000 0.000000 2729.796875 0.000000 0.000000 0.000000 0.000000 0.000000 1018.283508 0.000000 1903.217651 0.000000 0.000000 0.000000 0.000000 6744.291992 0.000000 0.000000 5889.255371 9025.835938 0.000000 0.000000 0.000000 1294.477417 0.000000 7860.220215 0.000000 0.000000 0.000000 6193.699707 0.000000 4283.032227 0.000000 2728.201904 0.000000 7451.689453 0.000000 0.000000
2432.472656 0.000000 6258.332031 0.000000 0.000000 1189.520142 9899.587891 0.000000 550.297852 8429.380859 0.000000 4708.016602 0.000000 0.000000 0.000000 0.000000 0.000000 3441.364990 1664.204834 9547.240234 2758.836670 0.000000 0.000000 0.000000 0.000000 3081.796875 0.000000 0.000000 0.000000 3279.671387 8802.588867 0.000000 2791.138184 0.000000 0.000000 0.000000 0.000000 0.000000 0.000000 0.000000 0.000000 7650.648926 0.000000 0.000000 0.000000 0.000000 0.000000 6021.928711 0.000000 0.000000
0.000000 0.000000 0.000000 0.000000 0.000000 0.000000 3783.999512 0.000000 0.000000 0.000000 0.000000 0.000000 0.000000 0.000000 4584.129395 0.000000 0.000000 0.000000 0.000000 5570.949707 0.000000 0.000000 0.000000 0.000000 0.000000 0.000000 0.000000 8616.983398 0.000000 3376.667969 0.000000 0.000000 0.000000 0.000000 0.000000 7598.357422 0.000000 0.000000 0.000000 0.000000 0.000000 0.000000 0.000000 0.000000 0.000000 0.000000 0.000000 0.000000 6283.812500 0.000000
0.000000 0.000000 0.000000 9979.721680 0.000000 0.000000 0.000000 0.000000 4077.901123 0.000000 0.000000 8333.498047 0.000000 0.000000 0.000000 0.000000 2716.397217 0.000000 0.000000 0.000000 0.000000 5641.025391 2945.034668 0.000000 0.000000 0.000000 9373.351562 0.000000 0.000000 0.000000 5103.375488 1704.548706 4718.982422 0.000000 0.000000 4627.444824 0.000000 0.000000 0.000000 0.000000 6948.214844 4868.772461 0.000000 0.000000 3902.077148 8178.041016 0.000000 0.000000 0.000000 0.000000
0.000000 0.000000 0.000000 0.000000 0.000000 0.000000 0.000000 0.000000 0.000000 0.000000 702.011108 0.000000 0.000000 9997.243164 0.000000 0.000000 0.000000 0.000000 0.000000 0.000000 0.000000 0.000000 0.000000 0.000000 0.000000 0.000000 0.000000 0.000000 0.000000 0.000000 0.000000 0.000000 0.000000 0.000000 5393.792969 6320.041992 0.000000 0.000000 0.000000 0.000000 0.000000 0.000000 0.000000 0.000000 0.000000 5556.543457 2633.257812 0.000000 0.000000 0.000000
0.000000 7189.392090 0.000000 0.000000 0.000000 0.000000 0.000000 0.000000 1587.522339 0.000000 5381.234863 3170.238037 0.000000 5922.446777 6885.912109 0.000000 0.000000 0.000000 0.000000 0.000000 0.000000 0.000000 0.000000 0.000000 0.000000 0.000000 5840.128418 0.000000 0.000000 0.000000 0.000000 0.000000 0.000000 0.000000 0.000000 0.000000 0.000000 0.000000 0.000000 0.000000 6195.640137 0.000000 0.000000 0.000000 0.000000 0.000000 0.000000 0.000000 0.000000 0.000000
9521.357422 0.000000 0.000000 0.000000 0.000000 7643.902832 0.000000 0.000000 0.000000 0.000000 4281.299316 0.000000 7683.282227 8926.889648 5547.967285 0.000000 0.000000 0.000000 0.000000 0.000000 9188.494141 0.000000 6304.157715 0.000000 0.000000 0.000000 3412.688721 0.000000 0.000000 0.000000 0.000000 0.000000 0.000000 0.000000 0.000000 8466.069336 0.000000 0.000000 0.000000 8242.207031 0.000000 0.000000 0.000000 0.000000 0.000000 0.000000 0.000000 6737.658691 0.000000 0.000000
7168.940918 0.000000 0.000000 0.000000 0.000000 0.000000 0.000000 0.000000 0.000000 0.000000 0.000000 0.000000 0.000000 0.000000 0.000000 396.585999 0.000000 8217.266602 0.000000 0.000000 0.000000 777.890442 9965.715820 0.000000 0.000000 0.000000 0.000000 0.000000 0.000000 9674.888672 0.000000 0.000000 0.000000 9479.048828 0.000000 0.000000 0.000000 0.000000 0.000000 0.000000 3044.845215 0.000000 0.000000 0.000000 0.000000 6684.337402 0.000000 0.000000 7833.664062 1681.783325
